0.0 0.0 0.0 0.0 0.0 0.0 100 255 255 0 0 1
-400.3148906171354 -44.88754212580068 184.55248296121877 0.19782698582658964 -0.010230217355167185 0.2993252257468541 1.65E-4 186 153 89 1 1
-674.4222568572799 -16.119487055981853 273.4977192301769 0.11292881782879481 -0.009415011991598546 0.27974298162114997 0.0024449999999999997 234 195 101 1 1
178.8859418486077 -0.4222485422034746 -976.9074027753281 -0.255022583766691 -0.0071661898204656614 -0.05072550400963 0.003 92 162 240 1 1
177.70185678750144 -0.5288627701265656 -974.770952576704 -0.22900768574098868 -0.00482382578040514 -0.037049600857741824 3.69E-5 238 237 237 4 1
-568.9277616959802 22.85749261085053 -1515.042893415899 -0.1787904026874106 -0.005195595604611777 0.08176331516044492 0.001593 236 97 37 1 1
-568.9277616959802 22.85749261085053 -1514.9811659934392 -0.046566190975088684 -0.0050894391809225776 0.08176331516044492 5.3543100000000004E-12 152 139 139 6 1
-568.9277616959802 22.85749261085053 -1514.8861069372226 -0.09647124566695772 -0.0026215552452369373 0.08176331516044492 7.415370000000001E-13 165 163 163 6 1
-841.9243595810104 -471.90888817342733 2812.18511430209 0.13879026656390597 -0.002427380455256821 0.03885395637136608 4.5E-7 161 161 161 1 1
1013.8600915413222 -28.262786954196784 -5333.210315942882 -0.10657485314406562 -2.32473018533168E-4 -0.02264441652680702 0.9534 221 176 107 1 1
1013.8600915413222 -28.262786954196784 -5330.4028738428815 0.37048034468527385 1.838362829398024E-4 -0.02264441652680702 4.4999999999999996E-5 219 208 104 10 1
1013.8600915413222 -28.262786954196784 -5328.766051905449 0.2734937371044089 0.002885317606938913 -0.02264441652680702 2.4E-5 174 141 109 10 1
1013.8600915413222 -28.262786954196784 -5326.064537333256 0.192030256035904 8.098596786664178E-4 -0.02264441652680702 7.500000000000001E-5 163 150 135 10 1
1013.8600915413222 -28.262786954196784 -5320.718551103309 0.11995445713282146 5.266368277103928E-4 -0.02264441652680702 5.4E-5 141 136 136 10 1
-9522.603798904142 -109.5175692487153 -3192.8356193182276 -0.026903767210864876 9.370683886450214E-4 0.07481651350012998 0.28547700000000004 219 184 118 1 1
-9522.603798904142 -109.5175692487153 -3191.61969394657 0.3726461334923079 0.011916058486581876 0.07481651350012998 1.89E-8 184 180 180 15 1
-9522.603798904142 -109.5175692487153 -3191.2525334599386 0.3208240553517415 0.0010523793055574697 0.07481651350012998 5.4E-8 216 212 212 15 1
-9522.603798904142 -109.5175692487153 -3190.866437913816 0.2841028025477451 0.007017302126119572 0.07481651350012998 3.09E-7 216 212 212 15 1
-9522.603798904142 -109.5175692487153 -3190.318468724645 0.24851706217890965 0.0010284013977199678 0.07481651350012998 9.84E-7 201 201 201 15 1
-9522.603798904142 -109.5175692487153 -3189.316609666356 0.20592126862627827 0.002339014724652403 0.07481651350012998 1.17E-6 227 227 227 15 1
-9522.603798904142 -109.5175692487153 -3184.9032654144844 0.13030659740146577 0.0018946798617804131 0.07481651350012998 6.75E-5 225 193 58 15 1
-9522.603798904142 -109.5175692487153 -3169.714091590955 0.06182463443832398 0.025493608057787862 0.07481651350012998 9.060000000000001E-7 126 126 126 15 1
6046.855051587713 -296.70099041011986 19068.903181214722 0.05354202749366768 5.750892577540557E-4 -0.01825452179241182 0.043608 175 237 246 1 1
6046.855051587713 -296.70099041011986 19071.81381289253 0.15359206679434484 0.0011688051116281522 -0.01825452179241182 1.7724000000000002E-6 214 214 214 23 1
6046.855051587713 -296.70099041011986 19072.798255225418 0.14004364562428934 6.626540942558162E-4 -0.01825452179241182 1.5138E-6 148 148 148 23 1
6046.855051587713 -296.70099041011986 19070.177719450017 0.20474275143416004 0.0012612210880826279 -0.01825452179241182 6.78E-7 120 120 120 23 1
6046.855051587713 -296.70099041011986 19070.674321589053 0.1819794611608219 8.62021715938875E-4 -0.01825452179241182 6.000000000000001E-7 120 120 120 23 1
6046.855051587713 -296.70099041011986 19069.766963253493 0.23671669468998388 0.01412945593430791 -0.01825452179241182 3.309E-8 208 208 208 23 1
-11139.692974257361 167.84119688394964 27865.601233828973 0.04402435883131618 5.293168419515885E-4 0.017145809080056452 0.051440999999999994 23 34 186 1 1
-11139.692974257361 167.84119688394964 27867.97257957667 -0.03269337811518157 0.0932387711542653 0.017145809080056452 1.077E-5 163 163 163 29 1
-30538.58547516919 1553.7208164905996 16667.32344245694 0.012276532961741677 0.01361560806294532 0.042529494024406034 6.54E-6 174 147 125 1 1
-30538.67477247584 1553.7208164905996 16667.227836823844 0.014008025414510896 0.007974601078301967 0.040912250275221905 7.98E-7 148 135 111 31 1
